% -------------------------------------------------------------------
%  Generated by MATLAB on 12-Mar-2024 18:10:24
%  MATLAB version: 9.11.0.1769968 (R2021b)
% -------------------------------------------------------------------
                               

vgs1v5 = ...
  [0.77190325428475637 1.1726384364820852;
   1.0533806204146248 2.5895765472312737;
   1.3813205881457578 3.6644951140065167;
   1.5921337027002342 4.3485342019543962;
   2.2231650887393823 4.5928338762214986;
   2.5971110231666104 4.73941368078176;
   3.1344942007367034 4.73941368078176;
   3.835504885993485 4.8371335504886019;
   4.5832064903041179 4.88599348534202;
   4.9570382660050516 4.88599348534202;
   5.5878413345916149 4.8371335504886019;
   6.0084020822551665 4.8371335504886019;
   6.8261590916009593 4.8371335504886019;
   7.6206277207829736 4.9348534201954388;
   8.3916557581661522 4.9348534201954388;
   9.1627599013668615 5.032573289902281;
   9.9805169107126535 5.032573289902281;
   12.153376054065568 4.9837133550488621;
   15.027360041401559 5.1791530944625412;
   19.326463514871072 5.22801302931596];

vgs2v0 = ...
  [0.28098267831593038 0.83061889250814558;
   0.77357758227038753 3.3224755700325712;
   1.0793327041919079 5.9120521172638449;
   1.2909829827392 7.6710097719869754;
   1.5020624676550287 8.6970684039088;
   1.6191893208316834 9.0879478827361559;
   1.8766933544400122 9.7231270358306165;
   2.2273889616122244 10.016286644951141;
   2.5780465158756738 10.260586319218241;
   3.419282169929069 10.407166123778499;
   4.9847407835854947 10.45602605863192;
   9.5408916557581627 10.553745928338765;
   11.106388322323355 10.651465798045605;
   13.442989132089251 10.846905537459284;
   15.989718104051867 10.846905537459284];

vgs2v5 = ...
  [0.070245669578982428 0.24429967426710295;
   0.58620505951474844 2.7361563517915344;
   0.75093610155560253 4.2508143322475593;
   0.8695089652653043 6.4983713355048875;
   0.96464123717616945 8.6482084690553727;
   1.0355718591129104 9.7231270358306165;
   1.1768242564461626 11.09120521172639;
   1.3412889281256637 12.263843648208475;
   1.5525586775853137 13.534201954397394;
   1.7399312003409542 14.120521172638437;
   1.9273037230965919 14.70684039087948;
   2.0443925233644853 15.048859934853418;
   2.3249185667752439 15.244299674267102;
   2.5119866662607695 15.439739413680782;
   2.7223431459100715 15.537459283387625;
   3.0029072422295955 15.781758957654722;
   3.423467989893147 15.781758957654722;
   4.2178224603488683 15.732899022801304;
   4.4981962921245682 15.732899022801304;
   4.8487016347529588 15.781758957654722;
   4.9655621175682656 15.830618892508143;
   6.8115467746354517 16.074918566775242;
   7.9330040488294919 16.026058631921824;
   9.2882964473804357 16.221498371335503;
   9.849044110931839 16.221498371335503;
   10.082803129471214 16.368078175895764;
   10.292969344576697 16.221498371335503;
   11.507998721422263 16.319218241042346;
   13.400484032999479 16.270358306188925;
   14.685721026515269 16.514657980456025;
   16.578206338092485 16.465798045602607;
   19.218545465615389 16.661237785016286];

vgs3v0 = ...
  [0.32771165027854676 0.83061889250814558;
   0.58685195896374232 3.5667752442996741;
   0.75268653535876262 6.4983713355048875;
   0.91840695302748832 9.28338762214984;
   1.2264071965661052 14.755700325732898;
   1.4151496240372592 17.100977198697066;
   1.4622971779962863 17.638436482084689;
   1.5093686261377832 18.078175895765472;
   1.5564020213705128 18.469055374592834;
   1.7204481110536076 19.104234527687293;
   1.9546257115893928 19.788273615635177;
   2.0249855398946686 20.130293159609124;
   2.2354561782702662 20.374592833876221;
   2.4927699473347746 20.765472312703583;
   2.8200249627081493 20.960912052117262;
   3.2172592772991564 21.009771986970687;
   5.0399936071113265 21.400651465798045;
   9.876670522694754 21.693811074918568;
   13.4050503820512 22.133550488599347;
   14.876936893056099 22.035830618892508;
   19.269764680812198 22.426710097719869];

vgs3v5 = ...
  [0.14049133915796505 0.439739413680782;
   0.61112971475539557 4.73941368078176;
   0.82437821547079038 8.5504885993485331;
   0.9433696611768998 11.335504885993483;
   1.0867530214009555 15.439739413680782;
   1.1826844043958722 18.615635179153092;
   1.3719595725897287 21.64495114006515;
   1.7242914548388064 24.039087947882738;
   2.2395658924168158 25.6514657980456;
   2.5436466863527047 26.091205211726386;
   2.7774818107096095 26.335504885993483;
   2.9643976985600791 26.335504885993483;
   3.3615559073335559 26.286644951140062;
   4.9272808913513328 26.677524429967431;
   7.1004444579743664 27.019543973941371;
   8.8762595512800981 27.166123778501625;
   9.9278897378915669 27.459283387622147;
   11.960676124082925 27.557003257328986;
   13.783182136442511 27.65472312703583;
   15.792718195378853 27.899022801302934;
   17.942327011476756 27.99674267100977;
   19.367674815062863 28.143322475570031];

