

Ts = 0.0001
Trsh = 1000