PV_Current = [3;2.99414100000000;2.98828100000000;2.98242200000000;2.97656300000000;2.97070300000000;2.96484400000000;2.95898400000000;2.95312500000000;2.94726600000000;2.94140600000000;2.93554700000000;2.92968800000000;2.92382800000000;2.91796900000000;2.91210900000000;2.90625000000000;2.90039100000000;2.89453100000000;2.88867200000000;2.88281300000000;2.87695300000000;2.87109400000000;2.86523400000000;2.85937500000000;2.85351600000000;2.84765600000000;2.84179700000000;2.83593800000000;2.83007800000000;2.82421900000000;2.81835900000000;2.81250000000000;2.80664100000000;2.80078100000000;2.79492200000000;2.78906300000000;2.78320300000000;2.77734400000000;2.77148400000000;2.76562500000000;2.75976600000000;2.75390600000000;2.74804700000000;2.74218800000000;2.73632800000000;2.73046900000000;2.72460900000000;2.71875000000000;2.71289100000000;2.70703100000000;2.70117200000000;2.69531300000000;2.68945300000000;2.68359400000000;2.67773400000000;2.67187500000000;2.66601600000000;2.66015600000000;2.65429700000000;2.64843800000000;2.64257800000000;2.63671900000000;2.63085900000000;2.62500000000000;2.61914100000000;2.61328100000000;2.60742200000000;2.60156300000000;2.59570300000000;2.58984400000000;2.58398400000000;2.57812500000000;2.57226600000000;2.56640600000000;2.56054700000000;2.55468800000000;2.54882800000000;2.54296900000000;2.53710900000000;2.53125000000000;2.52539100000000;2.51953100000000;2.51367200000000;2.50781300000000;2.50195300000000;2.49609400000000;2.49023400000000;2.48437500000000;2.47851600000000;2.47265600000000;2.46679700000000;2.46093800000000;2.45507800000000;2.44921900000000;2.44335900000000;2.43750000000000;2.43164100000000;2.42578100000000;2.41992200000000;2.41406300000000;2.40820300000000;2.40234400000000;2.39648400000000;2.39062500000000;2.38476600000000;2.37890600000000;2.37304700000000;2.36718800000000;2.36132800000000;2.35546900000000;2.34960900000000;2.34375000000000;2.33789100000000;2.33203100000000;2.32617200000000;2.32031300000000;2.31445300000000;2.30859400000000;2.30273400000000;2.29687500000000;2.29101600000000;2.28515600000000;2.27929700000000;2.27343800000000;2.26757800000000;2.26171900000000;2.25585900000000;2.25000000000000;2.24414100000000;2.23828100000000;2.23242200000000;2.22656300000000;2.22070300000000;2.21484400000000;2.20898400000000;2.20312500000000;2.19726600000000;2.19140600000000;2.18554700000000;2.17968800000000;2.17382800000000;2.16796900000000;2.16210900000000;2.15625000000000;2.15039100000000;2.14453100000000;2.13867200000000;2.13281300000000;2.12695300000000;2.12109400000000;2.11523400000000;2.10937500000000;2.10351600000000;2.09765600000000;2.09179700000000;2.08593800000000;2.08007800000000;2.07421900000000;2.06835900000000;2.06250000000000;2.05664100000000;2.05078100000000;2.04492200000000;2.03906300000000;2.03320300000000;2.02734400000000;2.02148400000000;2.01562500000000;2.00976600000000;2.00390600000000;1.99804700000000;1.99218800000000;1.98632800000000;1.98046900000000;1.97460900000000;1.96875000000000;1.96289100000000;1.95703100000000;1.95117200000000;1.94531300000000;1.93945300000000;1.93359400000000;1.92773400000000;1.92187500000000;1.91601600000000;1.91015600000000;1.90429700000000;1.89843800000000;1.89257800000000;1.88671900000000;1.88085900000000;1.87500000000000;1.86914100000000;1.86328100000000;1.85742200000000;1.85156300000000;1.84570300000000;1.83984400000000;1.83398400000000;1.82812500000000;1.82226600000000;1.81640600000000;1.81054700000000;1.80468800000000;1.79882800000000;1.79296900000000;1.78710900000000;1.78125000000000;1.77539100000000;1.76953100000000;1.76367200000000;1.75781300000000;1.75195300000000;1.74609400000000;1.74023400000000;1.73437500000000;1.72851600000000;1.72265600000000;1.71679700000000;1.71093800000000;1.70507800000000;1.69921900000000;1.69335900000000;1.68750000000000;1.68164100000000;1.67578100000000;1.66992200000000;1.66406300000000;1.65820300000000;1.65234400000000;1.64648400000000;1.64062500000000;1.63476600000000;1.62890600000000;1.62304700000000;1.61718800000000;1.61132800000000;1.60546900000000;1.59960900000000;1.59375000000000;1.58789100000000;1.58203100000000;1.57617200000000;1.57031300000000;1.56445300000000;1.55859400000000;1.55273400000000;1.54687500000000;1.54101600000000;1.53515600000000;1.52929700000000;1.52343800000000;1.51757800000000;1.51171900000000;1.50585900000000;1.50000000000000;1.49414100000000;1.48828100000000;1.48242200000000;1.47656300000000;1.47070300000000;1.46484400000000;1.45898400000000;1.45312500000000;1.44726600000000;1.44140600000000;1.43554700000000;1.42968800000000;1.42382800000000;1.41796900000000;1.41210900000000;1.40625000000000;1.40039100000000;1.39453100000000;1.38867200000000;1.38281300000000;1.37695300000000;1.37109400000000;1.36523400000000;1.35937500000000;1.35351600000000;1.34765600000000;1.34179700000000;1.33593800000000;1.33007800000000;1.32421900000000;1.31835900000000;1.31250000000000;1.30664100000000;1.30078100000000;1.29492200000000;1.28906300000000;1.28320300000000;1.27734400000000;1.27148400000000;1.26562500000000;1.25976600000000;1.25390600000000;1.24804700000000;1.24218800000000;1.23632800000000;1.23046900000000;1.22460900000000;1.21875000000000;1.21289100000000;1.20703100000000;1.20117200000000;1.19531300000000;1.18945300000000;1.18359400000000;1.17773400000000;1.17187500000000;1.16601600000000;1.16015600000000;1.15429700000000;1.14843800000000;1.14257800000000;1.13671900000000;1.13085900000000;1.12500000000000;1.11914100000000;1.11328100000000;1.10742200000000;1.10156300000000;1.09570300000000;1.08984400000000;1.08398400000000;1.07812500000000;1.07226600000000;1.06640600000000;1.06054700000000;1.05468800000000;1.04882800000000;1.04296900000000;1.03710900000000;1.03125000000000;1.02539100000000;1.01953100000000;1.01367200000000;1.00781300000000;1.00195300000000;0.996094000000000;0.990234000000000;0.984375000000000;0.978516000000000;0.972656000000000;0.966797000000000;0.960938000000000;0.955078000000000;0.949219000000000;0.943359000000000;0.937500000000000;0.931641000000000;0.925781000000000;0.919922000000000;0.914063000000000;0.908203000000000;0.902344000000000;0.896484000000000;0.890625000000000;0.884766000000000;0.878906000000000;0.873047000000000;0.867188000000000;0.861328000000000;0.855469000000000;0.849609000000000;0.843750000000000;0.837891000000000;0.832031000000000;0.826172000000000;0.820313000000000;0.814453000000000;0.808594000000000;0.802734000000000;0.796875000000000;0.791016000000000;0.785156000000000;0.779297000000000;0.773438000000000;0.767578000000000;0.761719000000000;0.755859000000000;0.750000000000000;0.744141000000000;0.738281000000000;0.732422000000000;0.726563000000000;0.720703000000000;0.714844000000000;0.708984000000000;0.703125000000000;0.697266000000000;0.691406000000000;0.685547000000000;0.679688000000000;0.673828000000000;0.667969000000000;0.662109000000000;0.656250000000000;0.650391000000000;0.644531000000000;0.638672000000000;0.632813000000000;0.626953000000000;0.621094000000000;0.615234000000000;0.609375000000000;0.603516000000000;0.597656000000000;0.591797000000000;0.585938000000000;0.580078000000000;0.574219000000000;0.568359000000000;0.562500000000000;0.556641000000000;0.550781000000000;0.544922000000000;0.539063000000000;0.533203000000000;0.527344000000000;0.521484000000000;0.515625000000000;0.509766000000000;0.503906000000000;0.498047000000000;0.492188000000000;0.486328000000000;0.480469000000000;0.474609000000000;0.468750000000000;0.462891000000000;0.457031000000000;0.451172000000000;0.445313000000000;0.439453000000000;0.433594000000000;0.427734000000000;0.421875000000000;0.416016000000000;0.410156000000000;0.404297000000000;0.398438000000000;0.392578000000000;0.386719000000000;0.380859000000000;0.375000000000000;0.369141000000000;0.363281000000000;0.357422000000000;0.351563000000000;0.345703000000000;0.339844000000000;0.333984000000000;0.328125000000000;0.322266000000000;0.316406000000000;0.310547000000000;0.304688000000000;0.298828000000000;0.292969000000000;